1637021300
502626664
315749530
1300187468
1287077622
1026470545
1597449910
560756483
325971155
469448292
1207677636
481596469
1317197859
1535190074
1499292948
1519323327
1203629682
1003138995
475191405
486183667
1380577406
920670841
290402113
322697908
1574113586
1507308374
1558327199
1482405708
1336444655
1729150557
1493491443
1546885785
1378915636
1630740327
1112532916
1551072984
1479607027
397681963
541445621
930364579
1536330034
1588211160
1580512155
1137091986
565857344
507975947
1252249962
1383637778
497840921
1657700706
1356502775
484007232
1582817166
346602360
1520158242
1230043624
582167576
1474045108
1618627725
1425466483
1688707129
1646253328
1606452954
1653142055
1650548506
294709521
595087705
1225482469
1450986904
1705516130
1720765685
817442888
1019007074
632329119
1487244332
1528048702
821399918
314755636
1525469725
1126686428
1322829715
1704099541
1350449658
1525685300
1743708115
1349694263
455929771
1550291683
1703530887
1723407111
931416970
1290061406
1434370028
1614465133
1604647237
988365603
1477131393
1011221731
1088622587
1581407077
1137593885
1055317350
737292199
1718176366
1458651281
854418392
1018223409
1094798608
1604175218
1527074787
1296663686
1574524001
1434487610
1228489466
1521892648
1661783513
1718831519
1577247103
1601430226
1228601779
537769171
885384305
1739525125
1557397782
970111950
1753449938
1208335500
388384807
1746910739
1593976925
921385513
1740096085
1458344155
411692409
454415644
1447409590
284154747
1542054859
1687380197
1479414409
969795617
1511598158
1664776677
1741279471
914892983
910122318
1590322455
895045583
1164224103
1333489831
1013585370
1083738947
1502287389
605290711
1265787202
1583002821
997221253
1611217536
1638120760
595024047
908638265
895356511
423022921
1588009560
1693259710
1403717237
1720080672
1725688473
1692569769
797196753
910179336
602657493
1448481024
1038090500
1271269412
505660153
987048172
1153726144
1347463370
1074138389
585564224
1246637964
962626762
362759318
284847141
1540093507
1303329965
1600924002
1610588834
1500357922
1725804892
1573809552
1724894808
1743951130
582116700
1187688928
1454838294
294166541
1728888510
1439057441
972052810
453782726
459690073
1481929363
1013879697
476570712
1481743900
1454902072
523267292
1324388970
1496156284
1017336877
1486446256
1620500252
1761088135
500140554
1225221447
464280555
1247645832
1729321161
499560872
1705679034
1090691598
538020471
1245513751
1496479434
995611624
1714911514
1460633151
1473991109
1094537819
438062933
1563867143
497328174
1598186479
1478712854
1478072283
1673328654
1717635877
528991082
1561912507
1453824090
690602684
1542458270
336599885
1717748489
708883804
1211125804
1437838167
622199938
1652231017
1502065617
1299414975
974683094
1200962193
1477112489
1441406871
1610308741
596421269
1321864768
846583888
1737996732
299580230
1680765733
316020801
317644720
972785372
1413244112
365886175
1670068630
1388363094
609071967
1352836156
1746465453
1593395276
1540696844
483529071
1183285994
667861052
1575726242
335536188
1524753200
1149124096
718333197
1479025325
367325221
942937408
1550274225
1550562333
1538418070
1538004956
1117417290
1464235345
492037747
488068869
681055406
1488452091
1485196195
1191480727
720681354
1498408705
1596033120
1506106536
367655710
1463271031
522393653
1597420739
1620231654
1236098275
1532835848
1618214518
1693329269
598620927
1550872650
627858215
1566818766
1551866276
1663851600
708650893
940452318
373153981
1244445606
1702678649
807818274
1470549140
538675054
1702564461
669512574
1366814157
481913441
1574181686
1530302809
1373142956
901574504
884516169
902698924
1441645172
1620137198
1627550674
1474573905
922042387
1529862748
1289076564
910435102
377715733
598114913
600625252
568710264
1661621699
1762174817
1339210794
379701675
500897014
1618929655
901309623
1735493924
453558550
1478802573
972116619
1045457242
654739264
881929073
837043470
1141416285
1650531996
1694501352
1650228166
1434555562
689059798
1495581076
1620363332
1107542707
1503521919
1263063556
1462786582
1704201818
1098655804
1745730701
1651766660
658917373
1208372509
1167313158
290671617
1117739608
1733096270
1468607831
1339238575
1541135610
727618255
1641715427
1147529694
705212759
1644806572
1429559208
328034860
1072064834
395457142
1003278779
1652935512
945888376
1721274803
592719186
1198371747
1760209055
525894639
1281244828
1128330092
334999546
1263656702
1529792412
1286980208
1088525109
1678281356
1189515801
1559849040
959922678
1584775120
1233777303
1585409483
1453946302
1636843224
391297312
1508511605
1449289809
1233995681
413971334
1019066075
1526357113
1730530312
1457133008
1270301090
1435041683
1464495003
422781265
397448398
791085035
1545307158
1528045899
1636317538
1172143653
1611767972
1165327311
1647133403
558604945
597239080
1691253436
1729495886
1589609382
688779833
1612766474
1687600870
1576645380
1570984022
1030352589
1543773818
1089257745
329900469
1150086376
1689347035
1352673128
1561974927
1722021160
1366137990
1553736315
1441948488
869174012
1201247812
1042090984
1709075171
1702237055
321369234
1570618639
1170635940
1753684670
480949106
1143922948
1637818097
889715463
963910579
1701258826
1098113551
919133532
1566123627
1603884270
1108488686
1154247057
1652334821
1652360550
317379085
828994637
1094752751
591119560
1709712997
543532137
911006989
597959407
1641452246
1046396834
1173670374
382653325
1657352685
505100606
771596702
653263023
777803874
371097622
1424928463
1379048664
1690635008
382817639
715396092
1504770747
1269668575
1498161597
500467066
1744015640
1244377150
517438375
928874706
1572958184
1163922615
1044571749
1711520944
1704539995
1574764556
1752448517
1023251086
367695209
1331302154
403963903
1748231113
378238417
1142905650
1742447716
1586414411
1622548575
615749291
1499479068
864697499
1697149224
1195486489
1696253856
1644411350
1484950425
541438854
297606954
1556520035
1045915049
1555760990
1100933970
1085272238
1660901706
1729582360
1435464695
1705823956
1098257150
1505728878
876378798
1618823989
870367656
554547376
1450941370
1221970674
308598599
1682203224
1564601083
1670227485
474352146
1593315969
422781074
1241140494
1725935892
1263417060
1320554554
1689059751
1633581263
1546834711
1678350826
492521661
1000253559
1684348388
891617544
1683854288
431553215
1703976161
1751277741
356994313
1541858462
1639701879
356044718
1734732729
1167350786
506674703
1059604201
1439862247
288294299
1672484199
290619948
1016389682
479051447
680517505
1055436291
1726389521
1275281240
1440996639
1063279743
1459254605
1484602010
1323278108
1740886433
444159679
1093710227
1538430691
1744859434
634987611
1514662290
1735984417
1468010738
1712882302
1684617688
1505217593
1199573035
355542146
1327662763
387212805
1530887825
332281948
1282628279
558496197
353469356
281966698
411468857
1678957719
1069719348
1221555018
946046817
293347135
966585793
1696622237
510671181
1068748472
1590679759
563176859
315952203
1395301114
1418989939
416932838
1164817640
1615071828
590354152
1631840459
1057765652
319400189
1573579401
1587574004
1523731520
1152673523
1693345725
1472504186
415349222
1674923692
1619336436
452308787
495187294
972879777
367821517
1259401420
1493176690
1277532073
1479691770
1685371908
1464698583
1457547405
592978505
1519430996
1749946546
1560772376
425939481
1468456303
592925281
995217234
896494218
532094236
1524623692
986306797
1675681944
1563899159
1440169265
1612023790
1111284315
737003045
294802544
1326165932
932711659
1698517435
469610085
1192670762
903029139
321949338
1462575911
1506582568
1599788231
519555297
1416409586
344479280
459213744
396118919
1512594109
1336866452
1707993462
284963689
1457440373
1667465259
1477593117
1741027407
1270612053
336829638
679961963
574834387
472588749
1255848074
1761158689
725106195
1200776308
1080680854
405974803
1479215826
1732219484
1584620148
1535820601
284699897
1672703569
1212926094
294178619
1708860097
1519177812
1125810119
878922920
1443672749
1341722866
741752887
1535254108
1455075740
1390339396
1294282061
1557503999
1444340590
319106694
482426309
392924730
499624086
1669529583
1535631386
1470326582
1760373882
1473227267
482415564
1587327650
907140692
1673617039
1483516523
1524283977
1644711541
1761565670
530045057
1760043295
458613007
419311197
493368124
1434538833
917665864
1749941903
1571960020
1124510218
965062916
1528696911
1435731218
566964130
1643882078
1209783408
865605027
1648354195
1757865540
1477855571
1595049596
1521839502
517073978
1657867993
371921639
1677826750
730758749
946819038
1458522640
1581397059
1654547186
1037272332
1607315885
1617637097
1482669544
387209227
1608961170
536306497
1519400077
410851296
1294993664
919379298
397170433
1586113455
986105687
762009431
1379577923
527117842
1314774801
1405198377
505409005
461402737
1078675464
877518350
1620949159
1321507598
977645619
919469789
680161656
1416452624
438870525
1651974034
863030671
1529595759
917698290
1009627766
1647432651
606137519
1258534283
1526117211
1711238694
295445504
1526104267
1519560068
454135926
288297104
404828595
1453003675
1592714885
1131176039
333237652
1390339037
400412887
1481487106
1175804421
1352923892
1028624799
453447825
1591937646
1241783955
1475726020
1568481278
1299125297
1691126717
975017595
1660906820
1002940962
1535191595
1557843408
1597709369
1549452491
1089847701
1617252959
1064564759
1504039346
1488915478
1649050790
1382768822
1496401153
1396381573
1534739335
364385081
1705863460
1348844623
1176290912
1028890556
1469334974
1536418995
447427255
1328885685
1589249904
531107506
1520588680
1021881714
392594257
1703519184
398133131
1605186453
1509363614
1391372218
353426805
1708886607
1480616136
1356059528
1740860242
1494841831
338533084
1225592787
1071948476
1227737050
1228694482
1590209214
294263418
1596360455
1755772775
468522477
1478504124
1544810959
761807761
1504082358
360660892
1287914885
1647225978
391324922
1131580926
1503123390
1602859104
1608431298
1215846356
1444567250
469546960
1299778820
1655270270
1094154424
1593168395
1441080125
1542891090
1576485404
1483186371
1727498564
1645329457
707700893
1593672983
914507761
1450264152
1562625718
1547489022
1693472640
1455420369
341701100
1546036468
1156731741
478830951
330954824
1449173854
1477592214
1574933455
1495336948
302538327
1476514139
1558410631
1518590368
646121877
1281475071
1518161632
1448202151
1335530933
1522614743
1623432131
1416643644
1234025246
1600530166
1534977876
977915723
632019329
866988823
530238613
316953192
1481116398
1631167940
1612757989
1707837087
327498295
1704282035
1566582123
581040726
1083114783
1747336793
450974608
1459218323
892968769
1295555671
601382696
1035268522
1561346071
1449009716
1410369826
600439744
393091101
1596274949
1412803992
490435751
934334114
1703231315
1649487453
1536894318
1701390486
1146153124
1358746819
1618783241
1217756192
1054498512
1491473754
1687508916
1080348530
1539578606
1590010950
1467208515
1580543443
1718044846
883055897
1586540490
1456368641
1362025075
588277915
317001182
1229498008
1477336150
1528918533
1641185094
1752446500
1428629859
1168324336
1698759458
661999421
366746485
510006032
582844206
1533940116
1395888870
1566785024
1649046432
1286978643
1760921925
1304350050
1669028872
1281393663
1222755999
634493180
1603904252
1536020418
818724409
1527336527
1680069519
544253299
1050581673
381676734
1528132134
1637666255
1753490428
1557594662
1346779436
585006915
1471188340
1747577272
979437259
1305855300
383417302
1694127999
566517066
1656352075
1573722953
1335653094
285820848
1540557782
891329473
1093488378
1721219320
948116526
562085218
1646992244
1727599797
521564186
395147201
1463272988
969848450
1723273318
306339376
1677927296
1680513784
1250108457
1669228110
1599524744
403127990
1721325644
1694286055
1550264880
1626547756
923822986
1691510144
1647149493
943118886
1339984191
1599625594
1067742395
665886391
1700331559
615221402
585621527
1733157889
535782793
568751661
1654453855
1638579750
428376884
1232137528
1454305095
1601638215
415411642
1452734801
1454004470
1468540814
1516668748
1546624577
1180370877
1714674835
1639983226
1676062716
974674763
1500692863
1599859606
402677289
997494868
1563375381
1672674823
1043599706
1527298971
419840205
888675306
626561528
1154338019
317796293
497405396
1334089364
1588825601
1685792209
1527299400
1712847845
337543427
1335536210
860873370
1724381227
875906258
1580763711
1656289722
1469111446
1716951720
1707231475
1487734997
1579693330
642669303
1481466458
332135353
378515879
1592732760
915103251
548236975
1614247337
1582467760
1180876137
355293428
